10001100000000010000000000000000
10001100000000100000000000000100
00000000000000000000000000000000
00000000000000000000000000000000
00000000000000010000100010000000
00000000000000000000000000000000
00000000000000000000000000000000
00000000001000100000100000100000
00000000000000000000000000000000
00000000000000000000000000000000
00100000001000011111111111111100
00100000000000110000000000000000
00000000001000000010000000100000
00000000000000000000000000000000
00000000000000000000000000000000
00000000100000010010100000100010
00000000000000000000000000000000
00000000000000000000000000000000
00000100101000000000000000001110
00000000000000000000000000000000
10001100100001100000000000000000
10001100100001110000000000000100
00000000000000000000000000000000
00000000000000000000000000000000
00000000111001100100000000100010
00000000000000000000000000000000
00000000000000000000000000000000
00000101000000000000000000000100
00000000000000000000000000000000
10101100100001110000000000000000
10101100100001100000000000000100
00100000000000110000000000000001
00100000100001000000000000000100
00001000000000000000000000001111
00000000000000000000000000000000
00010100011000001111111111100111
00000000000000000000000000000000
00000000000000000000000000000000