10001100000000010000000000000000
00000000000000000000000000000000
00000000000000000000000000000000
00000000000000010000100010000000
10001100000000100000000000000100
00100000000000110000000000000001
00000000100001000010000000100110
00000000000000000000000000000000
00000000000000000000000000000000
00000000010001000010100000100000
00000000000000000000000000000000
00000000000000000000000000000000
10001100101001100000000000000000
10001100101001110000000000000100
00000000000000000000000000000000
00000000000000000000000000000000
00000000111001100100000000100010
00000000000000000000000000000000
00000000000000000000000000000000
00011101000000000000000000000111
00000000000000000000000000000000
00000000000000000000000000000000
00000000000000000000000000000000
10101100101001110000000000000000
10101100101001100000000000000100
00000000011000110001100000100110
00100000100001000000000000000100
00000000000000000000000000000000
00000000000000000000000000000000
00100000100010000000000000000100
00000000000000000000000000000000
00000000000000000000000000000000
00000000001010000100000000100010
00000000000000000000000000000000
00000000000000000000000000000000
00011101000000001111111111100100
00000000000000000000000000000000
00000000000000000000000000000000
00000000000000000000000000000000
00010000000000111111111111011101
00000000000000000000000000000000
00000000000000000000000000000000
00000000000000000000000000000000
00001000000000000000000000101011
00000000000000000000000000000000