10001100000100000000000000000000
00000000000000000000000000000000
00000000000000000000000000000000
00000000000100001000000010000000
10001100000100010000000000000100
00100000000100100000000000000001
00000001000010000100000000100110
00000000000000000000000000000000
00000000000000000000000000000000
00000010001010000100100000100000
00000000000000000000000000000000
00000000000000000000000000000000
10001101001010100000000000000000
10001101001010110000000000000100
00000000000000000000000000000000
00000000000000000000000000000000
00000001011010100110000000100010
00000000000000000000000000000000
00000000000000000000000000000000
00011101100000000000000000000111
00000000000000000000000000000000
00000000000000000000000000000000
00000000000000000000000000000000
10101101001010110000000000000000
10101101001010100000000000000100
00000010010100101001000000100110
00100001000010000000000000000100
00000000000000000000000000000000
00000000000000000000000000000000
00100001000011000000000000000100
00000000000000000000000000000000
00000000000000000000000000000000
00000010000011000110000000100010
00000000000000000000000000000000
00000000000000000000000000000000
00011101100000001111111111100100
00000000000000000000000000000000
00000000000000000000000000000000
00000000000000000000000000000000
00010000000100101111111111011101
00000000000000000000000000000000
00000000000000000000000000000000
00000000000000000000000000000000
00001000000000000000000000101011
00000000000000000000000000000000