00100000000010000000000000000101
00100000000010010000000000000011
00000000000000000000000000000000
00000000000000000000000000000000
00000000000010010100100001000000
00000000000000000000000000000000
00000000000000000000000000000000
00000001001010000101000000100000
00000000000000000000000000000000
00000000000000000000000000000000
00000001001010100100100000100110
00100001000010001111111111111111
00000000000000000000000000000000
00000000000000000000000000000000
00011101000000001111111111110110
00000000000000000000000000000000
00000000000000000000000000000000
00000000000000000000000000000000
10101100000010010000000000000000
01101011111000000000000000000000
00000000000000000000000000000000